0001
0002
0003
0004
0005
0006
0007
0008
0009
0010
0011
0012
0013
0014
0015
0016
0017
0019
0020
0022
0023
0024
0025
0026
0027
0028
0029
0030
0031
0032
0034
0035
0036
0037
0038
0039
0040
0041
0042
0043
0045
0047
0048
0049
0051
0053
0054
0055
0057
0058
0059
0060
0061
0062
0063
0065
0066
0068
0069
0070
0071
0073
0074
0076
0077
0078
0079
0080
0081
0082
0083
0084
0085
0086
0088
0089
0091
0092
0093
0094
0095
0096
0098
0099
0100
0102
0103
0104
0105
0106
0107
0109
0110
0112
0115
0116
0117
0118
0119
0120
0123
0124
0126
0127
0128
0129
0130
0131
0132
0133
0135
0136
0137
0139
0140
0142
0143
0145
0147
0148
0149
0150
0152
0153
0154
0155
0156
0157
0159
0161
0162
0165
0167
0168
0170
